# Freq,Mag1,Mag2,V1,V2,Zr,Zi,Ar,Ai
9.999965300266921986e-01,-9.136467062204106071e+01,-9.142483596536784773e+01,1.709214091069130993e-05,1.697415631964307217e-05,2.135674857641651769e-01,2.711355640309350279e-01,1.792793055448594242e+00,-2.276048503078644814e+00
1.114917159048274042e+00,-1.088185962367431046e+02,-8.461310441554499562e+01,2.291396175167781966e-06,3.718559841977781222e-05,-1.664638056459241398e+02,-7.429983262441572833e+02,-2.871270006453519128e-04,1.281569167971410199e-03
1.243044584871803027e+00,-1.114979850435641993e+02,-8.317009266815591673e+01,1.683180702991406027e-06,4.390615055366892008e-05,-1.254245826002288140e+03,6.081603313947272049e+00,-7.972731252801459933e-04,-3.865828197554622786e-06
1.385896546159633980e+00,-1.077803869865644941e+02,-9.304317308102253037e+01,2.582323493179563596e-06,1.408871362841271022e-05,-1.991359461612673272e+02,-9.990416794091319730e+01,-4.011928343198853560e-03,2.012737382136217321e-03
1.545165201661119037e+00,-1.132750770172269057e+02,-8.401129671534312138e+01,1.371753714277816176e-06,3.985337997320388123e-05,1.382491719970336362e+03,-2.369012881209336285e+02,7.026978762106238707e-04,1.204130409097228213e-04
1.722737174748280919e+00,-1.125213452072982960e+02,-8.034452415135318404e+01,1.496107276885088959e-06,6.078603112227618741e-05,1.980069674724628840e+03,7.452516121756640644e+01,5.043183198325769997e-04,-1.898135432821167564e-05
1.920715901490112953e+00,-1.122930487719561938e+02,-8.756048524117821330e+01,1.535951693319603305e-06,2.648535104637119632e-05,8.073516337796545486e+02,-8.842817945031551119e+01,1.223934692351770622e-03,1.340559826504143836e-04
2.141446546990557920e+00,-1.101090905028888045e+02,-9.155774541169773784e+01,1.975038066358666739e-06,1.671639886165012293e-05,-3.629922260366075761e+02,8.665226106087079927e+01,-2.606355210653206120e-03,-6.221801899088219134e-04
2.387543785137653973e+00,-1.147541443270328045e+02,-8.474034590875518802e+01,1.156971815221669617e-06,3.664482906673447794e-05,-1.531423621736820451e+03,-8.263092280765405917e+01,-6.510916290647619960e-04,3.513090785483901165e-05
2.661922770829998175e+00,-1.078738510139576050e+02,-7.973842108645112603e+01,2.554685511482073062e-06,6.517918734021077522e-05,-1.222743309487040960e+03,-8.477774365666333267e+01,-8.139204530810936799e-04,5.643239999176257609e-05
2.967833671563310904e+00,-1.160462389248402957e+02,-8.389747313713218091e+01,9.970525519881370826e-07,4.037907247684597743e-05,-1.974210626715452690e+03,-5.292628145858858346e+01,-5.061677762091780627e-04,1.356976698757081283e-05
3.308900167422433203e+00,-1.090057168932543021e+02,-1.006968938716042032e+02,2.242560410623185105e-06,5.836940981384945425e-06,2.206277958410251827e+01,-7.704324117661920468e+01,3.435271231829979417e-03,1.199596945670819079e-02
3.689162375531946925e+00,-1.154874925204209006e+02,-8.346384859293367242e+01,1.063298912364988108e-06,4.244607782539344806e-05,1.942122258335854212e+03,-1.221503851404754784e+02,5.128718144925348624e-04,3.225723272521388948e-05
4.113124707428804427e+00,-1.163431271542089007e+02,-7.981509004083808634e+01,9.635486293374124762e-07,6.460639281175492295e-05,3.292739806833701095e+03,2.539774422273898438e+02,3.019023103245183580e-04,-2.328649728703978403e-05
4.585809226253394044e+00,-1.187725116984431963e+02,-8.473468175327768392e+01,7.284578215513379637e-07,3.666873331941050728e-05,2.460767315009493814e+03,-1.734222720383379794e+02,4.043689267255308429e-04,2.849785007574973320e-05
5.112815135803843170e+00,-1.129784152819737955e+02,-8.715623228239678610e+01,1.419414480793055906e-06,2.774714997400305532e-05,-9.138731905039567209e+02,-1.579042182461611787e+02,-1.062522227861688057e-03,1.835886461087108225e-04
5.700385106133595947e+00,-1.077510133366517948e+02,-8.584922426606399881e+01,2.591071090885794879e-06,3.225290091406317480e-05,-5.566167640017453095e+02,1.334265718877760492e+02,-1.698945383825603561e-03,-4.072540984189642363e-04
6.355479221354815245e+00,-1.120187489705119930e+02,-8.096614434963149165e+01,1.585230965481778226e-06,5.658779586466032650e-05,-1.723084691250943706e+03,-2.016396328278752890e+02,-5.725143662333139535e-04,6.699704731991995078e-05
7.085857425599375148e+00,-1.128476768711031042e+02,-8.332541449745049533e+01,1.440940845122653420e-06,4.312799523042543765e-05,-1.444415265833750937e+03,7.802310258298024337e+01,-6.903074670674980975e-04,-3.728839731260762488e-05
7.900171443754404166e+00,-1.157715660251416949e+02,-9.917315262565422529e+01,1.029086057913432868e-06,6.956204874484760441e-06,2.623249034555372532e+02,-1.188183048097454559e+02,3.163126974945817266e-03,1.432717138595050385e-03
8.808067265823263270e+00,-1.131403370417621943e+02,-8.215034151648615079e+01,1.393198966362041697e-06,4.937566068114209291e-05,1.704041764700208205e+03,2.482065343048979571e+02,5.746482704206845203e-04,-8.370185437944065328e-05
9.820299408894587856e+00,-1.101561222391084982e+02,-7.905236643569462274e+01,1.964372672153056906e-06,7.053613741877865753e-05,1.745301351274203853e+03,1.707972541276209455e+01,5.729120878352389392e-04,-5.606585440808939700e-06
1.094885831021428046e+01,-1.161918173416003981e+02,-5.823548336607598230e+01,9.804808789069893912e-07,7.749181399671714078e-04,1.994664284382780806e+03,-3.941677148099648912e+04,1.280551319155578971e-06,2.530510979318148997e-05
1.220711236040025049e+01,-1.189456767649166977e+02,-1.138191205935375052e+02,7.140788291804695144e-07,1.288468975997236701e-06,3.478859406539364585e+01,-2.018187910830745224e+01,2.150690663305669659e-02,1.247678445544834341e-02
1.360996625926014936e+01,-1.074453518164186931e+02,-1.211390385587180987e+02,2.683875740972749499e-06,5.547254200990009469e-07,3.711526301588977361e+01,-1.399344935845497773e+01,2.358981910720762271e-02,8.893994336251905344e-03
1.517403757002253073e+01,-1.170215650874282005e+02,-1.144154550550809972e+02,8.911519080274817410e-07,1.202976775270600230e-06,-7.922781086173394272e+00,-1.559881874272424263e+01,-2.588352361142305658e-02,5.096094273540238001e-02
1.691785356336157875e+01,-1.072250744060388001e+02,-1.063222039546714939e+02,2.752810241536023114e-06,3.054357006638112304e-06,2.779759442306286132e+00,-4.719218987555280798e+00,9.266454645450498961e-02,1.573173133062476803e-01
1.886207068293959921e+01,-1.091628935465683981e+02,-1.071629368256521957e+02,2.202344825637133040e-06,2.772574051620280462e-06,9.233652259520713557e+00,-9.073958741731585675e+00,5.509435659609056984e-02,5.414151460379151848e-02
2.102971923215515915e+01,-1.119479053215356998e+02,-1.081607017368431940e+02,1.598213260008959738e-06,2.471695169482717865e-06,-2.631741778362524542e+01,-7.358416235884954304e+00,-3.524247769927049689e-02,9.853885446788796659e-03
2.344647618054377958e+01,-1.146959421839482047e+02,-1.117984947300515017e+02,1.164750448812183134e-06,1.625942784785460588e-06,1.682866230432893317e+01,1.042836175307745350e+01,4.293523316452777655e-02,-2.660604481184748391e-02
2.614096932137069018e+01,-1.121496280767790950e+02,-1.077344829242955058e+02,1.561523742109206837e-06,2.596006941817466294e-06,3.282512701362412599e+01,-4.440426604771280594e+00,2.991700417792305181e-02,4.047029619460903310e-03
2.914511638332659160e+01,-1.079935636663504965e+02,-1.196056612892040931e+02,2.519717268413774486e-06,6.618307343158399051e-07,2.510320009477521808e+01,2.700005165999431966e+01,1.846946038694241912e-02,-1.986505237168764704e-02
3.249450311328821783e+01,-1.094549419344776027e+02,-1.085390882758059945e+02,2.129525764983212523e-06,2.366331483065540095e-06,2.061734052264982964e+00,-5.163642419328037469e+00,6.669267530654045262e-02,1.670327590956735830e-01
3.622880480873826059e+01,-1.211771383981319019e+02,-1.044512523887556057e+02,5.522974979438690511e-07,3.788500738350451570e-06,-5.630833382240434304e+01,-2.875138427198786530e+02,-6.560079216600611055e-04,3.349617110071889583e-03
4.039225629312407762e+01,-1.089586468320112971e+02,-1.101501352869216959e+02,2.254746150139218018e-06,1.965727128613216091e-06,-4.707680521679914465e-01,6.391831904688528354e+00,-1.146058559634762636e-02,-1.556055818227192467e-01
4.503417590126795744e+01,-1.058690170238891000e+02,-1.054850682894949045e+02,3.217948908219624733e-06,3.363384986078895421e-06,1.914732550989274085e+00,-1.200107289426049384e+00,3.749629308644667480e-01,2.350175466346491049e-01
5.020954968171911759e+01,-1.133262136716496968e+02,-1.160503907400147057e+02,1.363701480782105580e-06,9.965760793531477938e-07,-1.174991116469021435e+01,-6.567240817965117827e+00,-6.484889806975095705e-02,3.624523832005976248e-02
5.597968273624029933e+01,-1.141010284825822936e+02,-1.127169423663353029e+02,1.247321968780498900e-06,1.462793013251590129e-06,5.309173332702705750e+00,6.812901255421018654e+00,7.116573391593468412e-02,-9.132214895911350272e-02
6.241292541189797305e+01,-1.294365253388164092e+02,-1.103724382723783037e+02,2.134045765052094609e-07,1.916055488756176445e-06,-1.597998477548106244e+01,3.986032920196034866e+02,-1.004146686335294212e-04,-2.504734394102544649e-03
6.958548294789355282e+01,-1.088081241002028037e+02,-1.066247010970405000e+02,2.294160461348879347e-06,2.949816094254079231e-06,-9.514930091012359981e+00,1.066113480669725178e+01,-4.659757160396463954e-02,-5.221089254285195269e-02
7.758231816784076784e+01,-1.029972215944144978e+02,-1.142006870708046051e+02,4.478874731498125187e-06,1.233092459847417036e-06,-2.420890108612455904e+01,-2.696029365475693140e+01,-1.843885961735439866e-02,2.053447482701470025e-02
8.649815791036742496e+01,-1.143259236477348963e+02,-1.056941473229720003e+02,1.215440807260671795e-06,3.283391197279843509e-06,-7.202035944495385422e+01,4.527636936003723633e+01,-9.951849631527905082e-03,-6.256336724853409428e-03
9.643861511975610767e+01,-1.200593744529864040e+02,-1.074011722345002937e+02,6.281469755134457583e-07,2.697561681779925524e-06,-1.642550729640410054e+02,1.241279275987603903e+01,-6.053521221110994173e-03,-4.574659584584795735e-04
1.075214398883947950e+02,-1.118313421051433068e+02,-1.128916177781428019e+02,1.619805578849329304e-06,1.433669700160941471e-06,-5.225154939655973330e+00,2.389616254776618209e+00,-1.582780267685008624e-01,-7.238517324519391782e-02
1.198779142703115070e+02,-1.068201439646515070e+02,-1.208941375281185060e+02,2.884182898640027266e-06,5.705886378118448246e-07,2.981690503052315577e+01,-2.682590713009268413e+01,1.853504639262562592e-02,1.667575600725621290e-02
1.336544073881144072e+02,-1.120190959178240035e+02,-1.091392027142089063e+02,1.585167646620836858e-06,2.208359937888981135e-06,1.001608941070467829e+01,-1.691369956086049697e+01,2.592187309540351647e-02,4.377304910256008680e-02
1.490141092544187131e+02,-1.069134372590335005e+02,-1.067500181900344955e+02,2.853370275312259045e-06,2.907562682176309761e-06,-1.716205555774080183e-01,-9.339660176362789556e-01,-1.903202558880514872e-01,1.035730544451635815e+00
1.661389638458155105e+02,-9.306818194565360614e+01,-9.497641476527380178e+01,1.404820701465785391e-05,1.127740707941964613e-05,9.654607314211109070e+00,2.010685235794658521e+00,9.927178090316761405e-02,-2.067451297570989735e-02
1.852318243276866099e+02,-9.185979065944657407e+01,-9.048822115926851950e+01,1.614508971667730976e-05,1.890683950894067131e-05,5.546074114992744164e+00,-6.511010604408444813e+00,7.581555071227349951e-02,8.900635736767913142e-02
2.065188559596709865e+02,-9.635606458747410841e+01,-8.581169667947781932e+01,9.621145140745337261e-06,3.239255178177694435e-05,-4.638677903889140453e+01,-1.088701840967999743e+02,-3.312288465071817466e-03,7.773970567599339763e-03
2.302522151454967059e+02,-9.004497162256738818e+01,-1.026095695009057067e+02,1.989671662039445833e-05,4.683295062926310780e-06,3.749716114383139853e+01,7.454607822463150235e+00,2.565472696862367008e-02,-5.100277527940803336e-03
2.567130363619730247e+02,-9.091326550885283098e+01,-9.214866073478137309e+01,1.800390531346451436e-05,1.561697657698224597e-05,-6.616591201605179329e+00,-4.041348012809750645e-01,-1.505734888071703081e-01,9.196878743620469365e-03
2.862147623489328225e+02,-1.106240691151938051e+02,-9.739547891907992039e+01,1.861343555219277767e-06,8.536032298776631959e-06,-1.672138801055854458e+02,-6.470783912854001585e+01,-5.201444343385406427e-03,2.012836635303905889e-03
3.191068570080252016e+02,-9.080236404588616494e+01,-8.389309169381630227e+01,1.823525300750697466e-05,4.039944612350925945e-05,-5.827300061997670610e+01,1.725123250434349487e+01,-1.577782720439096717e-02,-4.670893254516834438e-03
3.557789449916537023e+02,-9.219782614581198743e+01,-9.116050381177878137e+01,1.552882831154829224e-05,1.749866049200293592e-05,-5.742708667786152077e+00,-2.692316847750143349e+00,-1.427565992094547986e-01,6.692765024545421770e-02
3.966654270177305079e+02,-9.017646971545401868e+01,-9.350689102520816220e+01,1.959776338560052715e-05,1.335627782909445970e-05,1.559974679690288113e+01,3.197015549833511994e+00,6.151974488885787740e-02,-1.260787008866819797e-02
4.422506255811445044e+02,-8.855487478099146870e+01,-9.687119228054103814e+01,2.362034608572121893e-05,9.067141256587793138e-06,-1.085472712868023670e+01,-2.883080854039884500e+01,-1.143757904093081063e-02,3.037889829800334909e-02
4.930745220156816231e+02,-8.723753846591797867e+01,-1.017562931043158017e+02,2.748862852496436929e-05,5.166724925055320261e-06,-3.463652295987365903e+01,-2.118582725259351207e+01,-2.101057608862240064e-02,1.285136028251750683e-02
5.497391528649960719e+02,-9.426074329791704542e+01,-9.008427176910697654e+01,1.224595983753715785e-05,1.980689536016412295e-05,2.591345689359956950e+01,1.677855203027819542e+01,2.719068332774933830e-02,-1.760553587376229717e-02
6.129157413311082792e+02,-1.158010546676388941e+02,-8.841446526218240365e+01,1.025598229106454260e-06,2.400527759919961359e-05,-9.378406583798756628e+02,6.128116643960728425e+02,-7.472338336480099236e-04,-4.882637633582053794e-04
6.833526482762953265e+02,-8.969439548893237202e+01,-9.115095868101076348e+01,2.071620601271881944e-05,1.751790075618148127e-05,7.663375136555860223e+00,-9.277891578515148341e-01,1.286057735609430763e-01,1.557003803425645490e-02
7.618842369622873321e+02,-8.900082389087559420e+01,-8.428763954672623981e+01,2.243824062950993379e-05,3.860539659386801688e-05,3.127382867838734271e+01,1.788331028067075579e+01,2.409636221105011453e-02,-1.377902035875255837e-02
8.494407565344067734e+02,-9.641726662545663373e+01,-9.292538753162961029e+01,9.553591432967504477e-06,1.428106576422989348e-05,-1.212985365157954121e+01,-2.156447056402507911e+01,-1.981485036132740740e-02,3.522686832184197814e-02
9.470593613258620280e+02,-9.833044369858956202e+01,-9.406295175054000879e+01,7.664923253117574575e-06,1.252801913763919268e-05,-1.698953863215680471e+01,-2.679005824788814394e+01,-1.688230822281120216e-02,2.662097131889547968e-02
1.055896396511813919e+03,-9.138079874546815518e+01,-9.377040146671490106e+01,1.706043334832887284e-05,1.295716300415752977e-05,3.161982959191920628e+00,-1.160255083628670825e+01,2.186448284576055986e-02,8.022932982279172565e-02
1.177241095643440076e+03,-8.491387244118718058e+01,-8.625081372648141098e+01,3.592000377229784443e-05,3.079564533532821785e-05,-6.056223244540625217e+00,3.768564513819359085e+00,-1.190297356042272492e-01,-7.406781744575804960e-02
1.312530852316685014e+03,-9.541681268652541803e+01,-9.843470487414305126e+01,1.071986611591109284e-05,7.573467253913484483e-06,-4.887749522250089740e+00,1.383769495880468803e+01,-2.269446286439725027e-02,-6.425023478430647028e-02
1.463368246876884086e+03,-9.089379341852728089e+01,-8.868263184531289767e+01,1.804431187378350754e-05,2.327546699752572942e-05,-7.740444682111281338e+00,1.225557842479252812e+01,-3.683931691752152793e-02,-5.832832041832042985e-02
1.631540029849782059e+03,-9.293269057594100957e+01,-9.169826730674047610e+01,1.426906337560828413e-05,1.644813380601521370e-05,7.363357094275537307e+00,2.020892285040320147e+00,1.262945797890100141e-01,-3.466187211488629821e-02
1.819038286967956992e+03,-9.197544752310328420e+01,-9.179303982793308592e+01,1.593153490869404678e-05,1.626964228155805369e-05,-1.991371432415462439e-01,1.042269805791304238e+00,-1.768564258619989005e-01,-9.256540976513935037e-01
2.028084036503825018e+03,-8.958523400418275173e+01,-8.649117493027435444e+01,2.097820357080869305e-05,2.995513279056385403e-05,-1.122805395469432277e+01,1.821298939724945498e+01,-2.452706654961644625e-02,-3.978527399461161129e-02
2.261153538432423829e+03,-9.442911729072868354e+01,-8.813671504677601831e+01,1.201086072778467693e-05,2.478530361677461596e-05,4.778314572015096928e+01,2.333979099921570111e+01,1.689659495078488921e-02,-8.253181928610717893e-03
2.521007627070203853e+03,-1.010778457567574975e+02,-8.996656395721301180e+01,5.586473047710173556e-06,2.007713770795376175e-05,1.177670897358356399e+02,-5.432764924305749332e+01,7.001368766994500031e-03,3.229831928833272730e-03
2.810724414650836025e+03,-1.079466735093779022e+02,-9.157574629814122602e+01,2.533356565002260786e-06,1.668179119125389560e-05,-1.790049287735407688e+02,-2.143215748986337417e+02,-2.295626556719990250e-03,2.748540514422306239e-03
3.133735753229550028e+03,-9.753805984674754370e+01,-9.781523548082149944e+01,8.397055107102791184e-06,8.133326778715638719e-06,-1.397346326197806743e+00,7.165739545086228235e-01,-5.666322661955721651e-01,-2.905750107382227276e-01
3.493867886826999893e+03,-9.237120752369989418e+01,-8.716404859637742675e+01,1.522192646095205038e-05,2.772219192241765545e-05,-5.094591800585723362e+00,-4.074277224357208382e+01,-3.021831730478104217e-03,2.416637225756024243e-02
3.895386775359289004e+03,-9.270640254934517088e+01,-8.666686299384718950e+01,1.464569104042513338e-05,2.935532182654579261e-05,1.781186361220066461e+00,-5.018668346327681462e+01,7.062942377077676380e-04,1.990053714283784858e-02
4.343048627240606038e+03,-9.128102762004905912e+01,-8.617977281392765576e+01,1.725752911129692209e-05,3.104855228712180223e-05,-3.995626551989214903e+01,1.467932984637138338e-01,-2.502702617479566835e-02,-9.194552281436223868e-05
4.842156239244503922e+03,-8.898561157597831084e+01,-8.615318667665617625e+01,2.247757300389403666e-05,3.114373259686280189e-05,1.540169319059165609e+01,1.159326719265326489e+01,4.144518347149985654e-02,-3.119690022958942349e-02
5.398621810999938134e+03,-9.160080196132187780e+01,-9.082770440954828928e+01,1.663373957113114797e-05,1.818213069473590700e-05,-4.639977936674347880e+00,3.656799096763901913e-01,-2.141879179318212090e-01,-1.688029976694683382e-02
6.019036978193749746e+03,-1.047420114394472961e+02,-8.423000073160491752e+01,3.663780304650543425e-06,3.886243056321972287e-05,4.574691099910199341e+02,-1.465173820035739141e+02,1.982571479724675595e-03,6.349744201306033306e-04
6.710750894060760402e+03,-9.566969415772062746e+01,-9.863946227932910915e+01,1.041226680000149934e-05,7.397021511652948338e-06,1.141548815210814993e+01,-8.907113007176169717e+00,5.445020947573477044e-02,4.248562677323774323e-02
7.481957284078953307e+03,-9.177965576220887556e+01,-9.254340910103525175e+01,1.629473145781512448e-05,1.492311688535071701e-05,-3.803654639421759853e+00,1.801653408336667539e+00,-2.147290104829818747e-01,-1.017093533140108474e-01
8.341791505079703711e+03,-8.509178412234773248e+01,-1.031584564872272978e+02,3.519174398481519044e-05,4.396500949653125204e-06,4.008802654493972994e+01,1.753052641471777306e+01,2.094059283083864187e-02,-9.157338173016277630e-03
9.300438758490730834e+03,-8.572726558989182877e+01,-9.316035477699028888e+01,3.270895852872758781e-05,1.389991859508057942e-05,2.743500225042855334e+01,-8.602631116304900516e+00,3.318678235751339189e-02,1.040618272791734786e-02
1.036925473955609959e+04,-9.434381648194073477e+01,-9.349565533001218398e+01,1.212939590097906360e-05,1.337356611790889935e-05,5.128367661005257538e+00,-6.137187782826322019e-02,1.949658983586680938e-01,2.333183594797162436e-03
1.156090015168866921e+04,-8.619133276227540819e+01,-1.032297165837393038e+02,3.100725761949396430e-05,4.360579075577967665e-06,4.059127020612664438e+01,-1.409385873992370719e+01,2.198533957993541524e-02,7.633618480411458011e-03
1.288949067935009953e+04,-8.041245768571761232e+01,-9.047093366571841955e+01,6.031246954343761360e-05,1.894450719315234882e-05,-3.324445767455748779e+01,-8.422148033969664382e+00,-2.826605509073995548e-02,7.160919953666307347e-03
1.437076419596838969e+04,-8.931761162628160378e+01,-8.201173156877308656e+01,2.163462711803799349e-05,5.016992100673147890e-05,-4.289073144166131613e+01,-5.009540298907165123e+01,-9.861832994346713538e-03,1.151839759913374228e-02
1.602226718756119953e+04,-9.189423903925430182e+01,-8.347814137483474894e+01,1.608118483550355899e-05,4.237628950355629571e-05,4.731875602703208017e+01,6.667233354939610024e+01,7.079126563368647561e-03,-9.974520192408959166e-03
1.786356260035351079e+04,-9.068033117075674454e+01,-8.127800879607676166e+01,1.849325836467959972e-05,5.459206922563251843e-05,7.742680510415793549e+01,-5.942081068090015350e+01,8.128164489980089710e-03,6.237918802055613179e-03
1.991646157445717836e+04,-9.866860627799566430e+01,-8.961328326657837806e+01,7.372243678919143991e-06,2.091056811972212887e-05,-6.277488161843412939e+01,-6.700853363428966247e+01,-7.445872650453587774e-03,7.948035823743260231e-03
2.220528180862308000e+04,-8.625570411045188735e+01,-8.780620011862524166e+01,3.077831145843732438e-05,2.574660615833959055e-05,7.073089720553858761e+00,-4.097252479317210039e+00,1.058591006255888839e-01,6.132135737457049263e-02
2.475713561653612123e+04,-8.928415186147663007e+01,-8.457343945571219024e+01,2.171812870971623954e-05,3.735579839326989631e-05,1.118767981367378184e+01,3.421896861928464517e+01,8.631789684964157397e-03,-2.640144742049605267e-02
2.760225108683578947e+04,-8.795307032342668663e+01,-8.060040695714459957e+01,2.531491534972719998e-05,5.902141915730968068e-05,-4.672446593281340199e+01,-4.742334685069337041e+01,-1.054216819109972739e-02,1.069985260834774993e-02
3.077433015117628020e+04,-8.972740568438663900e+01,-1.029640705609092066e+02,2.063762474758553913e-05,4.496001708745481824e-06,-3.203157857643493855e+01,-2.243560873950901424e+01,-2.094417909122792132e-02,1.466975492137277334e-02
3.431094780183613329e+04,-9.298442138673310353e+01,-8.545495631974350204e+01,1.418433325652500480e-05,3.375065298422989319e-05,-1.852100081334918613e+01,-6.643832699249091434e+01,-3.893355929026567300e-03,1.396620284819505460e-02
3.825399718782590935e+04,-8.118784918470603884e+01,-8.969891141091899556e+01,5.516168658991577674e-05,2.070543815144129909e-05,3.121943507253208594e+01,8.875207211705189447e-01,3.200546302298716561e-02,-9.098662918647774153e-04
4.265018586189803318e+04,-9.542446744420657012e+01,-8.193140622899996117e+01,1.071042300377944363e-05,5.063603416441817597e-05,-1.820774616906493577e+02,3.984717278771723414e+01,-5.241147544638306496e-03,-1.147011331759178587e-03
4.755158905677297298e+04,-8.734580582850998098e+01,-8.760106434856072610e+01,2.714811650240911108e-05,2.636190424723484308e-05,1.167079342820495746e+00,8.571172194993843529e-01,5.566203638640426776e-01,-4.087887439074167073e-01
5.301626654443809821e+04,-9.107011277164600926e+01,-9.204975183662713789e+01,1.768171381524969883e-05,1.579582828201470568e-05,-5.075178884309456073e+00,-1.637707532799532073e+00,-1.784551108416601861e-01,5.758561145411286025e-02
5.910895038555104111e+04,-9.140278654410204240e+01,-8.616866341484667657e+01,1.701730052133509490e-05,3.108828931497090403e-05,-4.070502259127411371e+00,-4.114231019919392907e+01,-2.381443086116749597e-03,2.407026551847300799e-02
6.590181171571151935e+04,-9.035863241348847907e+01,-9.490512057767857357e+01,1.919103400570928267e-05,1.137035349557156426e-05,-7.634175355623674442e+00,-1.889167891155619117e+01,-1.838779773691166450e-02,4.550280214358474323e-02
7.347531565159941965e+04,-9.342203658457093240e+01,-8.008607008162732654e+01,1.348739778677225608e-05,6.262193622827072676e-05,-4.290979457430168509e+01,-1.770234333162813982e+02,-1.293299412202445929e-03,5.335478869691873474e-03
8.191917444380512461e+04,-8.844795559975008814e+01,-8.180015200173718881e+01,2.391289823663033667e-05,5.140701603260540306e-05,-5.537493751259311381e+01,-1.544317561361601499e+01,-1.675552969066384373e-02,4.672846582503741887e-03
9.133341016696253791e+04,-1.040770630201547959e+02,-8.250816471497131488e+01,3.955276460867818932e-06,4.738291335059283783e-05,1.646578447536044791e+02,5.237085092250111984e+02,5.463411983833698369e-04,-1.737685410383687633e-03
1.018295395353247004e+05,-9.013184617607436167e+01,-9.021822111253499088e+01,1.969870547338965021e-05,1.950378675964463895e-05,2.853438314451570146e-01,-4.041769477331990101e-01,1.165714954052025076e+00,1.651183800502971977e+00
1.135318948785629036e+05,-9.482997096276395155e+01,-9.136227655250918644e+01,1.146915567264796279e-05,1.709685262305684050e-05,-2.236353198486531468e+01,-1.008919051725951910e+01,-3.715370306230449116e-02,1.676169886183280153e-02
1.265790969254623051e+05,-9.743109442447871515e+01,-8.740986789023497749e+01,8.501102927305003798e-06,2.694862438423040836e-05,-9.541865824859057454e+01,5.164967679769037545e+01,-8.105278584741923767e-03,-4.387349675013326941e-03
1.411256968414335861e+05,-8.984230148039053176e+01,-9.687307162211716616e+01,2.036643059935686862e-05,9.065179636891152642e-06,-1.003369323727394935e+01,2.586694801801014165e+01,-1.303459618093452330e-02,-3.360330178278313901e-02
1.573440069706634094e+05,-1.023608575382548054e+02,-8.981625993143271103e+01,4.819335031828459508e-06,2.042758372066045034e-05,-6.195518491115984183e+00,1.618150273615099763e+02,-2.362673824965862905e-04,-6.170849625925478067e-03
1.754261419690340117e+05,-1.078183114118658068e+02,-7.582925320800575264e+01,2.571073103068599279e-06,1.022274046971392939e-04,-1.081191385567651423e+03,1.608409814234391433e+03,-2.878604313221140099e-04,-4.282290342381412621e-04
1.955862945061358041e+05,-9.110275047526094738e+01,-7.452718555895194186e+01,1.761539848186660008e-05,1.187601446010105356e-04,1.595189267764777696e+02,-2.386952665707671599e+02,1.935399189669348343e-03,2.896023906594466773e-03
2.180632724932949059e+05,-8.928906453992186698e+01,-7.676369608083751928e+01,2.170584856108742403e-05,9.180053064754654251e-05,-1.412263433796346703e+02,7.826910054718530318e+01,-5.417003983081734170e-03,-3.002159648618839098e-03
2.431233278924521874e+05,-8.889695605193108463e+01,-7.276165406113261724e+01,2.270817294098411782e-05,1.455282452046413881e-04,7.278357977195106798e+01,-2.604528740431293272e+02,9.952200976686461763e-04,3.561351826269678039e-03
2.710633106146673090e+05,-8.991433640494420843e+01,-8.469902362654843841e+01,2.019822358903800629e-05,3.681957865422169445e-05,-3.855889358589300286e+01,1.435864311302016461e+01,-2.277603634395532206e-02,-8.481389038394971866e-03
3.022141848678793758e+05,-9.069790775915154768e+01,-8.578996424982244662e+01,1.845587362402791547e-05,3.247370066759564504e-05,2.038140002507641313e+01,-3.204403858255102477e+01,1.413194486161719991e-02,2.221852207576439572e-02
3.369449496069672168e+05,-9.149206355157301118e+01,-9.151103897407344334e+01,1.684328580716795565e-05,1.680652968668318824e-05,-1.088394428317619039e-01,-7.750423892932815570e-03,-9.141490771985814945e+00,6.509628003676980468e-01
3.756670095259593218e+05,-1.024661889098527041e+02,-7.781298272809732453e+01,4.761245225561765259e-06,8.135436493557891510e-05,7.485528629244042804e+02,-2.943294194201018286e+02,1.157028996277764546e-03,4.549413803538537664e-04
4.188390483691614936e+05,-9.515032676036241810e+01,-7.663883582186497279e+01,1.105385230871349858e-05,9.312970013132728525e-05,-5.687023575641006090e+01,3.668727986109282142e+02,-4.126118240898544727e-04,-2.661779973837065209e-03
4.669724622882076073e+05,-9.246591258841934291e+01,-7.626370283304427744e+01,1.505685840278649410e-05,9.723997846955897951e-05,-2.523254738673139741e+02,1.039774243715451405e+02,-3.387853635080626240e-03,-1.396055220761012331e-03
5.206374176060876925e+05,-1.026870597828660010e+02,-7.692030946018515181e+01,4.641699343702728827e-06,9.016012863317741032e-05,-7.921588296561766356e+02,-4.702006928576380460e+02,-9.334843423341348308e-04,5.540870947910469559e-04
5.804696047456435626e+05,-9.691816504238943253e+01,-8.425724497927481593e+01,9.018239058455405064e-06,3.874072524852997839e-05,-1.584684465853688380e+02,4.520846665302855882e+01,-5.835473978175217784e-03,-1.664765676899793070e-03
6.471777683264687657e+05,-9.696137109157723444e+01,-7.242630067757501422e+01,8.973491196583783971e-06,1.512568186658060749e-04,-2.568602005190909310e+01,-7.923817492657694856e+02,-4.086690679943723396e-05,1.260693210990951720e-03
7.215521026282845996e+05,-9.491284998575784471e+01,-6.950557963227483071e+01,1.136023973482346894e-05,2.117147002866506345e-04,7.252286465997336791e+02,5.016527012812350677e+02,9.326355889148704465e-04,-6.451195284187111190e-04
8.044736118695954792e+05,-9.995765437980989532e+01,-5.534578867836734162e+01,6.355464199534685961e-06,1.080788118658891801e-03,5.852696637692929471e+03,6.098867601828313127e+03,8.191289929219538264e-05,-8.535824741839400525e-05
8.969245461791876005e+05,-1.018749476888712024e+02,-6.248974888431539654e+01,5.096624190495779732e-06,4.748348121846070993e-04,-4.590750337830403623e+03,4.020920281836069421e+02,-2.161709467210408213e-04,-1.893385786745104658e-05
1.000000036880198051e+06,-1.038248089103318961e+02,-6.770310267399787563e+01,4.071829178234394652e-06,2.605402718549086703e-04,1.908513571894209917e+03,-2.505130282741689371e+03,1.924273023974852593e-04,2.525816266445462979e-04
